62 (3060) 
7 (3076) 
52 (3185) 
66 (3021) 
60 (3149) 
40 (3170) 
36 (3099) 
58 (3195) 
48 (3013) 
29 (3181) 
34 (3040) 
56 (3021) 
40 36 (3073) 
52 7 (3065) 
60 36 (3052) 
58 36 (3098) 
48 58 (3012) 
60 7 (3031) 
52 36 (3088) 
60 29 (3136) 
66 52 (3010) 
40 7 (3050) 
58 52 (3184) 
66 29 (3013) 
56 52 (3016) 
40 58 (3169) 
34 58 (3039) 
40 29 (3155) 
52 62 (3049) 
60 62 (3014) 
60 52 (3138) 
52 29 (3170) 
29 62 (3045) 
58 62 (3060) 
48 52 (3002) 
40 34 (3017) 
40 62 (3045) 
40 52 (3159) 
58 7 (3075) 
40 60 (3124) 
58 29 (3180) 
58 60 (3148) 
66 58 (3020) 
36 29 (3084) 
66 60 (3021) 
34 52 (3031) 
56 58 (3020) 
29 7 (3069) 
56 29 (3006) 
34 29 (3036) 
40 34 58 (3016) 
40 58 29 (3154) 
60 58 52 (3137) 
58 36 29 (3083) 
40 60 52 (3113) 
58 60 7 (3030) 
40 52 62 (3034) 
52 36 60 (3041) 
40 60 29 (3111) 
60 52 62 (3003) 
40 60 7 (3006) 
58 52 62 (3049) 
66 60 58 (3020) 
56 52 29 (3001) 
40 52 7 (3039) 
34 58 29 (3035) 
66 60 29 (3013) 
58 29 62 (3045) 
40 58 52 (3158) 
40 34 29 (3013) 
52 58 36 (3087) 
66 52 29 (3002) 
56 58 29 (3005) 
40 52 36 (3062) 
34 52 58 (3030) 
66 52 58 (3009) 
40 58 36 (3072) 
40 60 36 (3027) 
52 29 7 (3058) 
60 52 7 (3020) 
40 36 29 (3058) 
66 58 29 (3012) 
60 29 62 (3001) 
40 29 7 (3043) 
52 29 62 (3034) 
52 36 29 (3073) 
60 66 52 (3010) 
34 52 29 (3027) 
58 29 7 (3068) 
40 58 7 (3049) 
40 34 52 (3008) 
58 60 62 (3014) 
56 58 52 (3015) 
58 52 7 (3064) 
58 60 29 (3135) 
40 58 60 (3123) 
60 29 7 (3024) 
40 29 62 (3030) 
40 52 29 (3144) 
48 58 52 (3001) 
60 36 29 (3039) 
60 52 29 (3125) 
60 58 36 (3051) 
58 52 29 (3169) 
40 58 62 (3045) 
60 66 52 58 (3009) 
40 58 60 7 (3005) 
66 52 58 29 (3001) 
40 52 36 29 (3047) 
40 52 29 7 (3032) 
66 60 58 29 (3012) 
58 52 29 7 (3057) 
40 60 58 36 (3026) 
56 58 52 29 (3000) 
40 52 29 62 (3019) 
40 52 58 36 (3061) 
40 58 60 29 (3110) 
60 58 52 62 (3003) 
52 58 36 60 (3040) 
60 58 52 29 (3124) 
40 34 58 29 (3012) 
58 60 29 62 (3001) 
60 52 29 7 (3013) 
40 58 52 62 (3034) 
40 60 58 52 (3112) 
40 58 52 29 (3143) 
40 58 29 62 (3030) 
52 58 36 29 (3072) 
58 52 29 62 (3034) 
40 34 52 58 (3007) 
52 36 29 60 (3028) 
40 60 52 29 (3100) 
40 52 36 60 (3016) 
34 52 58 29 (3026) 
58 60 29 7 (3023) 
40 34 52 29 (3004) 
40 58 29 7 (3042) 
60 66 52 29 (3002) 
40 60 36 29 (3014) 
40 58 36 29 (3057) 
60 58 52 7 (3019) 
60 58 36 29 (3038) 
40 58 52 7 (3038) 
40 60 58 52 29 (3099) 
40 34 52 58 29 (3003) 
40 52 58 36 60 (3015) 
52 58 36 29 60 (3027) 
40 52 58 36 29 (3046) 
40 58 52 29 7 (3031) 
40 52 36 29 60 (3003) 
60 58 52 29 7 (3012) 
60 66 52 58 29 (3001) 
40 60 58 36 29 (3013) 
40 58 52 29 62 (3019) 
36 40 52 58 60 29 (3002) 
