56 58 52 29 (3000)
56 52 29 (3001)
60 29 62 (3001)
48 58 52 (3001)
66 52 58 29 (3001)
58 60 29 62 (3001)
60 66 52 58 29 (3001)
48 52 (3002)
66 52 29 (3002)
60 66 52 29 (3002)
36 40 52 58 60 29 (3002)
60 52 62 (3003)
60 58 52 62 (3003)
40 34 52 58 29 (3003)
40 52 36 29 60 (3003)
40 34 52 29 (3004)
56 58 29 (3005)
40 58 60 7 (3005)
56 29 (3006)
40 60 7 (3006)
40 34 52 58 (3007)
40 34 52 (3008)
66 52 58 (3009)
60 66 52 58 (3009)
66 52 (3010)
60 66 52 (3010)
48 58 (3012)
66 58 29 (3012)
66 60 58 29 (3012)
40 34 58 29 (3012)
60 58 52 29 7 (3012)
48 (3013)
66 29 (3013)
66 60 29 (3013)
40 34 29 (3013)
60 52 29 7 (3013)
40 60 58 36 29 (3013)
60 62 (3014)
58 60 62 (3014)
40 60 36 29 (3014)
56 58 52 (3015)
40 52 58 36 60 (3015)
56 52 (3016)
40 34 58 (3016)
40 52 36 60 (3016)
40 34 (3017)
40 52 29 62 (3019)
60 58 52 7 (3019)
40 58 52 29 62 (3019)
66 58 (3020)
56 58 (3020)
66 60 58 (3020)
60 52 7 (3020)
66 (3021)
56 (3021)
66 60 (3021)
58 60 29 7 (3023)
60 29 7 (3024)
40 60 58 36 (3026)
34 52 58 29 (3026)
40 60 36 (3027)
34 52 29 (3027)
52 58 36 29 60 (3027)
52 36 29 60 (3028)
58 60 7 (3030)
34 52 58 (3030)
40 29 62 (3030)
40 58 29 62 (3030)
60 7 (3031)
34 52 (3031)
40 58 52 29 7 (3031)
40 52 29 7 (3032)
40 52 62 (3034)
52 29 62 (3034)
40 58 52 62 (3034)
58 52 29 62 (3034)
34 58 29 (3035)
34 29 (3036)
60 58 36 29 (3038)
40 58 52 7 (3038)
34 58 (3039)
40 52 7 (3039)
60 36 29 (3039)
34 (3040)
52 58 36 60 (3040)
52 36 60 (3041)
40 58 29 7 (3042)
40 29 7 (3043)
29 62 (3045)
40 62 (3045)
58 29 62 (3045)
40 58 62 (3045)
40 52 58 36 29 (3046)
40 52 36 29 (3047)
52 62 (3049)
58 52 62 (3049)
40 58 7 (3049)
40 7 (3050)
60 58 36 (3051)
60 36 (3052)
58 52 29 7 (3057)
40 58 36 29 (3057)
52 29 7 (3058)
40 36 29 (3058)
62 (3060)
58 62 (3060)
40 52 58 36 (3061)
40 52 36 (3062)
58 52 7 (3064)
52 7 (3065)
58 29 7 (3068)
29 7 (3069)
40 58 36 (3072)
52 58 36 29 (3072)
40 36 (3073)
52 36 29 (3073)
58 7 (3075)
7 (3076)
58 36 29 (3083)
36 29 (3084)
52 58 36 (3087)
52 36 (3088)
58 36 (3098)
36 (3099)
40 60 58 52 29 (3099)
40 60 52 29 (3100)
40 58 60 29 (3110)
40 60 29 (3111)
40 60 58 52 (3112)
40 60 52 (3113)
40 58 60 (3123)
40 60 (3124)
60 58 52 29 (3124)
60 52 29 (3125)
58 60 29 (3135)
60 29 (3136)
60 58 52 (3137)
60 52 (3138)
40 58 52 29 (3143)
40 52 29 (3144)
58 60 (3148)
60 (3149)
40 58 29 (3154)
40 29 (3155)
40 58 52 (3158)
40 52 (3159)
40 58 (3169)
58 52 29 (3169)
40 (3170)
52 29 (3170)
58 29 (3180)
29 (3181)
58 52 (3184)
52 (3185)
58 (3195)
